2024-04-16 12-51-00 0.3423405 0.1444145 0.7533995555887434 0.531211777265884 0.9303186306464561 0.9148050133420184 0.8516624040920716 0.872870249017038 0.8621359223300972
2024-04-16 14-12-23 0.38617554 0.3028403 0.636764408108772 0.40347357791010574 0.8651111965031942 0.8494853284418538 0.7710396039603961 0.8165137614678899 0.7931253978357734
2024-04-16 13-40-17 0.3336338 0.13843136 0.7659965369911368 0.5547537580260264 0.932481833215538 0.9240726449804233 0.8584183673469388 0.8820445609436435 0.8700711053652231
2024-04-16 15-10-31 0.38617554 0.30284026 0.6367644203575581 0.4034735915910074 0.8651111965031942 0.8494853284418538 0.7710396039603961 0.8165137614678899 0.7931253978357734
2024-04-16 15-18-49 0.35917857 0.2515445 0.6961155878341628 0.48396284613911167 0.8976330000754805 0.8853843824333776 0.8240740740740741 0.8165137614678899 0.8202764976958524
2024-04-17 10-57-33 0.38063037 0.29836297 0.6497992413685113 0.42048182139311907 0.87340718986091 0.8598868298207021 0.7637028014616322 0.8217562254259502 0.7916666666666666
2024-04-17 11-02-10 0.36425066 0.27217296 0.6864398659123996 0.4692856707109311 0.8932191061736188 0.8821803999073834 0.7890243902439025 0.8479685452162516 0.8174352495262162
2024-04-17 11-09-16 0.35160848 0.25772431 0.7127212454864211 0.505485713033337 0.9061622968030578 0.8962112240686451 0.8041871921182266 0.8558322411533421 0.8292063492063492
2024-04-17 11-30-03 0.34410363 0.2470335 0.7270522915632305 0.5263706367260221 0.9133003506412412 0.8996529475807287 0.8072727272727273 0.872870249017038 0.8387909319899244
2024-04-17 12-02-43 0.3422802 0.24097528 0.7305207712681133 0.5313768266925658 0.9149180350366767 0.9041799604594514 0.8116646415552855 0.8754914809960681 0.8423707440100883
2024-04-17 12-20-56 0.30147567 0.16645293 0.8001187034824586 0.6364495170290096 0.9438013353186991 0.9380209452199217 0.8529411764705882 0.9121887287024901 0.8815706143128562
2024-04-17 12-39-20 0.29641965 0.15334179 0.8070350792889707 0.6485414715648253 0.9470195494500215 0.9430262674600978 0.871501272264631 0.8977719528178244 0.8844415752098127
2024-04-17 13-56-46 0.29640833 0.14347555 0.8088484506092548 0.6485682937440505 0.9453864258609924 0.9399805127231149 0.8759493670886076 0.9069462647444299 0.8911783644558919
2024-04-29 16-23-30 0.382418 0.293441 0.6442573251696001 0.415025597030275 0.869497642949778 0.8594303697483172 0.7849872773536896 0.8086500655307994 0.7966429954809554
2024-04-29 16-41-51 0.3804369 0.290761 0.6489322310771435 0.4210708509307105 0.8728771108808575 0.8623932464797195 0.7828282828282829 0.8125819134993447 0.797427652733119
2024-04-29 16-47-41 0.38239163 0.29222882 0.6442878663520656 0.4151064065177119 0.869384422196757 0.8586574246135639 0.7852604828462516 0.8099606815203145 0.7974193548387097
2024-05-03 14-16-07 0.3113059 0.1859456 0.7827996637357437 0.612354336806598 0.9407357976573597 0.9349630651426402 0.8470290771175727 0.8781127129750983 0.8622908622908623
2024-05-03 15-50-13 0.27488762 0.12796476 0.8374681296280643 0.6977471169892173 0.9598409419966651 0.9573883741464407 0.8803418803418803 0.944954128440367 0.911504424778761
2024-05-07 22-25-07 0.33893675 0.2321688 0.7353816916389746 0.5404873643013102 0.917961271640603 0.9094985012331869 0.8256997455470738 0.8505897771952818 0.8379599741768883
2024-05-07 22-49-17 0.4101428 0.34102032 0.5722652766112585 0.32713130125505074 0.82962678322686 0.8161546664199344 0.7653333333333333 0.7522935779816514 0.7587574355584931
2024-05-08 10-26-35 0.38297266 0.29389793 0.6429121763955332 0.4133275551239728 0.8689143845251247 0.8588112956406163 0.7861715749039693 0.8047182175622543 0.7953367875647669
2024-05-08 10-31-44 0.38195154 0.29306808 0.6453556474321767 0.4164518191224942 0.8696640431473996 0.859398637407075 0.7831021437578815 0.8138925294888598 0.7982005141388175
2024-05-08 10-41-05 0.38058412 0.29123673 0.6485846699349884 0.4206227479320035 0.8723487473667598 0.8614555041132193 0.7822784810126582 0.8099606815203145 0.7958789439793947
